255
1219
1036
489
1050
329
1383
948
1112
1011
564
1380
641
1092
1026
927
375
10
1081
748
795
545
873
911
524
740
114
615
871
228
1383
371
710
502
165
560
658
575
307
1394
287
588
101
340
1032
915
212
609
1474
227
1332
816
1401
879
113
1419
1478
1002
1431
1171
150
206
1215
515
985
298
635
126
111
1470
859
1367
1050
1444
691
1045
474
1270
834
1226
1290
1243
810
617
1168
219
1265
204
1080
1425
1149
585
219
557
367
1414
1423
460
1022
483
310
456
1210
302
40
327
1219
444
860
676
766
708
1138
20
1193
966
570
920
563
1224
428
115
951
95
1315
